2 2 1 2 2 1 2 1 1 1 2 2 2 1 2 1 1 1 2 2 2 2 1 1 1 1 1 1 2 1 1 2 2 2 2 2 1 1 1 1 1 1 1 2 2 2 2 2 2 2 2 1 2 2 2 1 1 2 1 1 2 2 2 1 2 1 2 1 2 1 1 2 1 2 2 1 1 2 2 1 2 1 1 1 1 1 1 2 1 1 2 1 1 2 2 1 1 2 2 1 2 2 2 2 1 2 1 2 2 1 2 1 1 2 2 1 1 1 1 2 2 1 2 1 2 1 1 2 2 2 2 2 1 1 2 2 1 2 2 1 1 2 1 2 2 2 2 2 2 1 1 2 2 1 1 1 2 2 2 1 2 2 2 2 2 1 2 2 1 2 2 1 2 1 1 2 1 1 2 2 1 2 2 1 1 1 2 1 1 1 2 2 2 1 1 2 1 2 2 2 2 1 1 1 1 2 2 2 
74 94
112 204
134 205
176 207
85 193
85 164
204 204
5 94
201 203
145 203
16 200
113 184
46 89
206 207
137 171
167 202
56 186
53 53
55 99
173 196
35 114
61 112
70 85
68 103
12 156
204 204
58 170
30 110
56 140
53 59
185 185
60 128
13 48
107 181
148 182
39 143
152 188
200 203
193 197
182 198
183 188
5 79
173 192
110 206
129 148
45 47
66 146
21 199
75 116
183 206
54 104
59 160
16 112
54 110
146 188
3 38
189 200
155 197
120 186
153 192
61 105
9 187
43 79
51 193
157 197
83 98
163 204
173 176
118 145
39 126
150 207
85 90
204 206
125 202
5 205
132 134
183 205
184 188
207 207
135 151
77 92
155 167
127 194
129